17
17
17
17
25
2
2
14
15
2
2
-1
-1
-1
-1
-1
-1
-1
-1
-1
-1
-1
-1
-1
-1
-1
-1
-1
-1
-1
-1
-1
-1
-1
-1
-1
-1
-1
-1
-1
-1
-1
-1
-1
-1
-1
-1
0
629151
-1
629151
629151
629151
629151
629151
629151
629151
629151
629151
629151
-1
-1
-1
-1
629151
629151
-1
629151
629151
629151
629151
629151
-1
629151
629151
629151
629151
-1
-1
-1
-1
629151
-1
629151
629151
629151
629151
629151
629151
629151
629151
629151
629151
629151
-1
-1
-1
-1
629151
-1
629151
-1
629151
-1
629151
629151
629151
629151
629151
629151
629151
-1
-1
-1
-1
629151
629151
629151
629151
629151
629151
629151
629151
629151
-1
629151
629151
629151
-1
-1
-1
-1
629151
-1
629151
629151
629151
629151
629151
629151
629151
629151
629151
629151
629151
-1
-1
-1
-1
629151
629151
629151
629151
629151
629151
629151
629151
-1
629151
629151
629151
629151
-1
-1
-1
-1
629151
629151
629151
629151
-1
629151
-1
629151
629151
629151
629151
629151
629151
-1
-1
-1
-1
629151
629151
629151
629151
629151
629151
629151
629151
629151
629151
629151
629151
629151
-1
-1
-1
-1
629151
-1
629151
629151
629151
629151
629151
629151
629151
629151
629151
-1
629151
-1
-1
-1
-1
629151
629151
-1
629151
-1
629151
-1
629151
629151
629151
629151
629151
629151
-1
-1
-1
-1
629151
-1
629151
629151
629151
629151
629151
-1
629151
-1
629151
629151
629151
-1
-1
-1
-1
629151
629151
629151
629151
629151
629151
629151
-1
629151
629151
629151
629151
629151
629151
-1
-1
-1
-1
-1
-1
-1
-1
-1
-1
-1
-1
-1
-1
-1
-1
-1
-1
-1
-1
-1
-1
-1
-1
-1
-1
-1
-1
-1
-1
-1
-1
-1
-1
-1
